time	V(h)	V(vin)
0.000000000000000e+000	5.131318e-005	0.000000e+000
2.925714274023709e-009	5.381147e-005	2.617712e-006
5.851428548047419e-009	5.613526e-005	5.235423e-006
8.777142822071128e-009	5.828455e-005	7.853135e-006
1.170285709609484e-008	6.025933e-005	1.047085e-005
1.462857137011855e-008	6.205961e-005	1.308856e-005
1.755428564414226e-008	6.368538e-005	1.570627e-005
2.047999991816596e-008	6.513664e-005	1.832398e-005
4.095999983633192e-008	7.283742e-005	3.664796e-005
6.024045902453856e-008	7.503886e-005	5.389868e-005
9.552524836855362e-008	6.933585e-005	8.546888e-005
1.274909127718542e-007	5.726022e-005	1.140694e-004
1.615583958334459e-007	4.002585e-005	1.445504e-004
2.002875099185423e-007	2.113614e-005	1.792024e-004
2.496080173497974e-007	4.540991e-006	2.233307e-004
3.166878870540582e-007	-2.504520e-006	2.833488e-004
4.120582065076066e-007	7.040969e-006	3.686790e-004
5.104906182913608e-007	3.100325e-005	4.567490e-004
6.389368612544675e-007	8.471943e-005	5.716732e-004
8.077448992125470e-007	2.006417e-004	7.227100e-004
9.900374219696875e-007	3.822137e-004	8.858117e-004
1.218596785499479e-006	6.652350e-004	1.090309e-003
1.469963900713418e-006	1.002016e-003	1.315214e-003
1.789560693937519e-006	1.403060e-003	1.601165e-003
2.126338107333510e-006	1.740684e-003	1.902488e-003
2.425466522314228e-006	1.950246e-003	2.170125e-003
2.743238223293529e-006	2.106792e-003	2.454443e-003
3.066763426462431e-006	2.260666e-003	2.743908e-003
3.494956034622059e-006	2.528008e-003	3.127021e-003
3.901926678049509e-006	2.867585e-003	3.491146e-003
4.337606383455144e-006	3.285285e-003	3.880958e-003
4.834748087927057e-006	3.740653e-003	4.325759e-003
5.301405786871619e-006	4.101354e-003	4.743285e-003
5.898713050944051e-006	4.506632e-003	5.277705e-003
6.464584128828093e-006	4.912109e-003	5.783997e-003
7.092210676095145e-006	5.418543e-003	6.345540e-003
7.836115182496557e-006	6.030455e-003	7.011116e-003
8.828027562693907e-006	6.792748e-003	7.898580e-003
9.828027562693908e-006	7.542839e-003	8.793275e-003
1.082802756269391e-005	8.322120e-003	9.687962e-003
1.182802756269391e-005	9.103205e-003	1.058264e-002
1.282802756269391e-005	9.858352e-003	1.147731e-002
1.382802756269391e-005	1.061608e-002	1.237197e-002
1.482802756269391e-005	1.138799e-002	1.326663e-002
1.582802756269391e-005	1.214960e-002	1.416127e-002
1.682802756269391e-005	1.289991e-002	1.505590e-002
1.782802756269391e-005	1.365719e-002	1.595052e-002
1.982802756269391e-005	1.516614e-002	1.773971e-002
2.182802756269391e-005	1.666408e-002	1.952885e-002
2.282802756269391e-005	1.741165e-002	2.042340e-002
2.382802756269391e-005	1.815333e-002	2.131793e-002
2.482802756269392e-005	1.889524e-002	2.221244e-002
2.682802756269392e-005	2.037522e-002	2.400142e-002
2.882802756269392e-005	2.184515e-002	2.579031e-002
3.239945613412248e-005	2.445142e-002	2.898464e-002
3.597088470555104e-005	2.703263e-002	3.217860e-002
3.954231327697961e-005	2.958878e-002	3.537217e-002
4.311374184840818e-005	3.211988e-002	3.856537e-002
4.668517041983674e-005	3.462592e-002	4.175819e-002
5.025659899126530e-005	3.710690e-002	4.495063e-002
5.382802756269385e-005	3.956282e-002	4.814270e-002
8.982802756269401e-005	6.277300e-002	8.036752e-002
1.258280275626942e-004	8.366431e-002	1.124263e-001
1.618280275626943e-004	1.022367e-001	1.443191e-001
1.978280275626945e-004	1.184903e-001	1.760459e-001
2.338280275626946e-004	1.324250e-001	2.076067e-001
2.698280275626948e-004	1.440409e-001	2.390015e-001
3.058280275626948e-004	1.533378e-001	2.702302e-001
3.443994561341244e-004	1.609292e-001	3.033850e-001
3.829708847055539e-004	1.665431e-001	3.360827e-001
4.215423132769834e-004	1.701796e-001	3.683234e-001
4.601137418484129e-004	1.718388e-001	4.001071e-001
4.986851704198424e-004	1.715206e-001	4.314337e-001
5.372565989912719e-004	1.692249e-001	4.623033e-001
5.758280275627014e-004	1.649519e-001	4.927159e-001
6.141137418484166e-004	1.591556e-001	5.223113e-001
6.523994561341319e-004	1.522002e-001	5.512115e-001
6.906851704198471e-004	1.440859e-001	5.794165e-001
7.289708847055623e-004	1.348126e-001	6.069263e-001
7.672565989912775e-004	1.243803e-001	6.337410e-001
8.055423132769927e-004	1.127890e-001	6.598604e-001
8.438280275627079e-004	1.000387e-001	6.852847e-001
8.645423132769939e-004	9.291803e-002	6.986747e-001
8.852565989912799e-004	8.562521e-002	7.118138e-001
9.059708847055661e-004	7.816027e-002	7.247018e-001
9.266851704198521e-004	7.052322e-002	7.373388e-001
9.473994561341381e-004	6.271405e-002	7.497248e-001
9.681137418484241e-004	5.473277e-002	7.618598e-001
9.888280275627101e-004	4.657937e-002	7.737438e-001
9.898280275627100e-004	4.618452e-002	7.743103e-001
1.006828027562709e-003	3.941202e-002	7.838508e-001
1.023828027562707e-003	3.258788e-002	7.932047e-001
1.040828027562706e-003	2.571208e-002	8.023719e-001
1.057828027562704e-003	1.878464e-002	8.113525e-001
1.074828027562703e-003	1.180554e-002	8.201465e-001
1.091828027562702e-003	4.774807e-003	8.287539e-001
1.108828027562700e-003	-2.307579e-003	8.371747e-001
1.131256598991270e-003	-1.170222e-002	8.479909e-001
1.153685170419839e-003	-2.108574e-002	8.584556e-001
1.176113741848409e-003	-3.045814e-002	8.685687e-001
1.198542313276978e-003	-3.981943e-002	8.783302e-001
1.220970884705548e-003	-4.916959e-002	8.877401e-001
1.243399456134117e-003	-5.850863e-002	8.967984e-001
1.265828027562687e-003	-6.783655e-002	9.055052e-001
1.288256598991256e-003	-7.709583e-002	9.138450e-001
1.310685170419826e-003	-8.624866e-002	9.218093e-001
1.333113741848396e-003	-9.529503e-002	9.293981e-001
1.355542313276965e-003	-1.042349e-001	9.366112e-001
1.377970884705535e-003	-1.130684e-001	9.434488e-001
1.400399456134104e-003	-1.217954e-001	9.499109e-001
1.422828027562674e-003	-1.304159e-001	9.559973e-001
1.458542313276956e-003	-1.438744e-001	9.648986e-001
1.494256598991239e-003	-1.568324e-001	9.727975e-001
1.529970884705522e-003	-1.692899e-001	9.796942e-001
1.565685170419804e-003	-1.812469e-001	9.855885e-001
1.601399456134087e-003	-1.927034e-001	9.904806e-001
1.637113741848370e-003	-2.036593e-001	9.943703e-001
1.672828027562653e-003	-2.141148e-001	9.972578e-001
1.721399456134079e-003	-2.273427e-001	9.995194e-001
1.769970884705505e-003	-2.393056e-001	9.999023e-001
1.818542313276932e-003	-2.500033e-001	9.984065e-001
1.867113741848358e-003	-2.594361e-001	9.950320e-001
1.915685170419785e-003	-2.676037e-001	9.897788e-001
1.964256598991211e-003	-2.745063e-001	9.826468e-001
2.012828027562637e-003	-2.801438e-001	9.736362e-001
2.013828027562637e-003	-2.802443e-001	9.734317e-001
2.059685170419786e-003	-2.842229e-001	9.631601e-001
2.105542313276935e-003	-2.870221e-001	9.513250e-001
2.151399456134084e-003	-2.886418e-001	9.379262e-001
2.197256598991233e-003	-2.890823e-001	9.229639e-001
2.243113741848382e-003	-2.883433e-001	9.064380e-001
2.288970884705531e-003	-2.864250e-001	8.883484e-001
2.334828027562680e-003	-2.833273e-001	8.686953e-001
2.389970884705544e-003	-2.780039e-001	8.430231e-001
2.445113741848409e-003	-2.712532e-001	8.154802e-001
2.500256598991273e-003	-2.630751e-001	7.860667e-001
2.555399456134138e-003	-2.534697e-001	7.547826e-001
2.610542313277002e-003	-2.424369e-001	7.216278e-001
2.665685170419867e-003	-2.299767e-001	6.866024e-001
2.720828027562731e-003	-2.160892e-001	6.497064e-001
2.765970884705594e-003	-2.038547e-001	6.183434e-001
2.811113741848457e-003	-1.909911e-001	5.861074e-001
2.856256598991320e-003	-1.774985e-001	5.529985e-001
2.901399456134184e-003	-1.633768e-001	5.190166e-001
2.946542313277047e-003	-1.486260e-001	4.841618e-001
2.991685170419910e-003	-1.332462e-001	4.484340e-001
3.036828027562773e-003	-1.172374e-001	4.118332e-001
3.037828027562773e-003	-1.168801e-001	4.110177e-001
3.076542313277064e-003	-1.027995e-001	3.791014e-001
3.115256598991355e-003	-8.849627e-002	3.468282e-001
3.153970884705645e-003	-7.397051e-002	3.141983e-001
3.192685170419937e-003	-5.922219e-002	2.812117e-001
3.231399456134227e-003	-4.425130e-002	2.478683e-001
3.270113741848518e-003	-2.905785e-002	2.141682e-001
3.308828027562809e-003	-1.364183e-002	1.801113e-001
3.327828027562812e-003	-6.064345e-003	1.633521e-001
3.346828027562814e-003	1.526205e-003	1.465579e-001
3.365828027562817e-003	9.129822e-003	1.297286e-001
3.384828027562819e-003	1.674651e-002	1.128643e-001
3.403828027562822e-003	2.437626e-002	9.596496e-002
3.422828027562824e-003	3.201908e-002	7.903057e-002
3.441828027562827e-003	3.967496e-002	6.206114e-002
3.465399456134259e-003	4.917805e-002	4.097615e-002
3.488970884705690e-003	5.865659e-002	1.989637e-002
3.512542313277122e-003	6.811056e-002	-1.178207e-003
3.536113741848554e-003	7.753997e-002	-2.224758e-002
3.559685170419985e-003	8.694483e-002	-4.331174e-002
3.583256598991417e-003	9.632512e-002	-6.437069e-002
3.606828027562849e-003	1.056809e-001	-8.542444e-002
3.665685170419999e-003	1.290093e-001	-1.381035e-001
3.724542313277150e-003	1.516929e-001	-1.900458e-001
3.783399456134300e-003	1.737317e-001	-2.412511e-001
3.842256598991451e-003	1.951256e-001	-2.917196e-001
3.901113741848602e-003	2.158747e-001	-3.414512e-001
3.959970884705752e-003	2.359789e-001	-3.904459e-001
4.018828027562903e-003	2.554383e-001	-4.387037e-001
4.061828027562909e-003	2.688915e-001	-4.729438e-001
4.101256598991485e-003	2.808048e-001	-5.038165e-001
4.140685170420062e-003	2.921933e-001	-5.339711e-001
4.180113741848638e-003	3.030571e-001	-5.634076e-001
4.219542313277216e-003	3.133962e-001	-5.921260e-001
4.258970884705792e-003	3.232106e-001	-6.201263e-001
4.298399456134369e-003	3.325003e-001	-6.474085e-001
4.337828027562945e-003	3.412652e-001	-6.739726e-001
4.391256598991524e-003	3.522077e-001	-7.086772e-001
4.444685170420102e-003	3.619628e-001	-7.415868e-001
4.498113741848681e-003	3.705305e-001	-7.727013e-001
4.551542313277260e-003	3.779109e-001	-8.020209e-001
4.604970884705838e-003	3.841039e-001	-8.295454e-001
4.658399456134416e-003	3.891096e-001	-8.552750e-001
4.711828027562995e-003	3.929279e-001	-8.792095e-001
4.765113741848716e-003	3.954237e-001	-9.010095e-001
4.818399456134438e-003	3.966532e-001	-9.206646e-001
4.871685170420159e-003	3.966163e-001	-9.381748e-001
4.924970884705881e-003	3.953131e-001	-9.535401e-001
4.978256598991602e-003	3.927436e-001	-9.667606e-001
5.031542313277323e-003	3.889078e-001	-9.778363e-001
5.084828027563044e-003	3.838056e-001	-9.867671e-001
5.085828027563044e-003	3.836981e-001	-9.869118e-001
5.148685170420195e-003	3.759527e-001	-9.944117e-001
5.211542313277347e-003	3.666130e-001	-9.987623e-001
5.274399456134498e-003	3.556789e-001	-9.999635e-001
5.337256598991649e-003	3.431506e-001	-9.980154e-001
5.400113741848801e-003	3.290279e-001	-9.929180e-001
5.462970884705952e-003	3.133109e-001	-9.846711e-001
5.525828027563103e-003	2.959995e-001	-9.732749e-001
5.598542313277399e-003	2.740475e-001	-9.559999e-001
5.671256598991693e-003	2.506728e-001	-9.349498e-001
5.743970884705989e-003	2.258753e-001	-9.101245e-001
5.816685170420284e-003	1.996551e-001	-8.815241e-001
5.889399456134580e-003	1.720123e-001	-8.491486e-001
5.962113741848876e-003	1.429467e-001	-8.129980e-001
6.034828027563170e-003	1.124584e-001	-7.730722e-001
6.109828027563180e-003	8.043635e-002	-7.287987e-001
6.136970884706041e-003	6.862384e-002	-7.119301e-001
6.164113741848902e-003	5.674022e-002	-6.946679e-001
6.191256598991763e-003	4.478551e-002	-6.770119e-001
6.218399456134624e-003	3.275971e-002	-6.589621e-001
6.245542313277484e-003	2.066280e-002	-6.405187e-001
6.272685170420345e-003	8.494793e-003	-6.216816e-001
6.299828027563206e-003	-3.744311e-003	-6.024507e-001
6.336970884706068e-003	-2.058310e-002	-5.755197e-001
6.374113741848929e-003	-3.741416e-002	-5.480308e-001
6.411256598991792e-003	-5.423749e-002	-5.199841e-001
6.448399456134654e-003	-7.105310e-002	-4.913796e-001
6.485542313277516e-003	-8.786097e-002	-4.622173e-001
6.522685170420378e-003	-1.046611e-001	-4.324971e-001
6.559828027563240e-003	-1.214535e-001	-4.022191e-001
6.615256598991819e-003	-1.464384e-001	-3.560444e-001
6.670685170420397e-003	-1.709577e-001	-3.092859e-001
6.726113741848977e-003	-1.950113e-001	-2.619436e-001
6.781542313277556e-003	-2.185993e-001	-2.140174e-001
6.836970884706134e-003	-2.417217e-001	-1.655075e-001
6.892399456134713e-003	-2.643784e-001	-1.164137e-001
6.947828027563292e-003	-2.865695e-001	-6.673615e-002
6.972542313277581e-003	-2.961689e-001	-4.463141e-002
6.997256598991869e-003	-3.056047e-001	-2.253185e-002
7.021970884706159e-003	-3.148770e-001	-4.374747e-004
7.046685170420447e-003	-3.239858e-001	2.165172e-002
7.071399456134737e-003	-3.329310e-001	4.373573e-002
7.096113741849026e-003	-3.417128e-001	6.581455e-002
7.120828027563315e-003	-3.503309e-001	8.788820e-002
7.133828027563316e-003	-3.547835e-001	9.946841e-002
7.194828027563324e-003	-3.751440e-001	1.539921e-001
7.255828027563332e-003	-3.941191e-001	2.076651e-001
7.316828027563341e-003	-4.117087e-001	2.604874e-001
7.377828027563349e-003	-4.279128e-001	3.124590e-001
7.438828027563357e-003	-4.427314e-001	3.635799e-001
7.499828027563365e-003	-4.561645e-001	4.138501e-001
7.560828027563373e-003	-4.682121e-001	4.632696e-001
7.600399456134803e-003	-4.751031e-001	4.944418e-001
7.639970884706234e-003	-4.812879e-001	5.249015e-001
7.679542313277664e-003	-4.867665e-001	5.546487e-001
7.719113741849096e-003	-4.915389e-001	5.836833e-001
7.758685170420526e-003	-4.956052e-001	6.120054e-001
7.798256598991957e-003	-4.989652e-001	6.396149e-001
7.837828027563387e-003	-5.016191e-001	6.665118e-001
7.883399456134782e-003	-5.037476e-001	6.964574e-001
7.928970884706177e-003	-5.048881e-001	7.251323e-001
7.974542313277572e-003	-5.050408e-001	7.525366e-001
8.020113741848968e-003	-5.042057e-001	7.786703e-001
8.065685170420363e-003	-5.023826e-001	8.035333e-001
8.111256598991758e-003	-4.995716e-001	8.271258e-001
8.156828027563153e-003	-4.957728e-001	8.494475e-001
8.157828027563152e-003	-4.956784e-001	8.499193e-001
8.212113741848827e-003	-4.897902e-001	8.746127e-001
8.266399456134501e-003	-4.825657e-001	8.971255e-001
8.320685170420176e-003	-4.740048e-001	9.174580e-001
8.374970884705849e-003	-4.641077e-001	9.356099e-001
8.429256598991524e-003	-4.528742e-001	9.515815e-001
8.483542313277200e-003	-4.403043e-001	9.653725e-001
8.537828027562873e-003	-4.263982e-001	9.769831e-001
8.624256598991381e-003	-4.012998e-001	9.905188e-001
8.710685170419889e-003	-3.737106e-001	9.981253e-001
8.797113741848398e-003	-3.436307e-001	9.998028e-001
8.883542313276906e-003	-3.110601e-001	9.955512e-001
8.969970884705412e-003	-2.759987e-001	9.853705e-001
9.056399456133920e-003	-2.384465e-001	9.692607e-001
9.142828027562428e-003	-1.984036e-001	9.472218e-001
9.181828027562400e-003	-1.800251e-001	9.354611e-001
9.228113741848081e-003	-1.576977e-001	9.199436e-001
9.274399456133760e-003	-1.350829e-001	9.029291e-001
9.320685170419441e-003	-1.121805e-001	8.844176e-001
9.366970884705120e-003	-8.899073e-002	8.644091e-001
9.413256598990802e-003	-6.551344e-002	8.429037e-001
9.459542313276483e-003	-4.174867e-002	8.199013e-001
9.505828027562162e-003	-1.769642e-002	7.954019e-001
9.525685170419291e-003	-7.375046e-003	7.844997e-001
9.545542313276418e-003	2.956834e-003	7.733590e-001
9.565399456133546e-003	1.329922e-002	7.619796e-001
9.585256598990675e-003	2.365211e-002	7.503617e-001
9.605113741847804e-003	3.401550e-002	7.385051e-001
9.624970884704931e-003	4.438940e-002	7.264099e-001
9.644828027562060e-003	5.477381e-002	7.140762e-001
9.701970884704874e-003	8.482286e-002	6.770986e-001
9.759113741847691e-003	1.145415e-001	6.386146e-001
9.816256598990505e-003	1.439298e-001	5.986241e-001
9.873399456133320e-003	1.729878e-001	5.571272e-001
9.930542313276135e-003	2.017153e-001	5.141238e-001
9.987685170418951e-003	2.301124e-001	4.696140e-001
1.004482802756177e-002	2.581792e-001	4.235977e-001
1.006768517041889e-002	2.691595e-001	4.049651e-001
1.009054231327602e-002	2.800202e-001	3.861830e-001
1.011339945613314e-002	2.907616e-001	3.672513e-001
1.013625659899027e-002	3.013835e-001	3.481700e-001
1.015911374184740e-002	3.118859e-001	3.289392e-001
1.018197088470452e-002	3.222689e-001	3.095589e-001
1.020482802756165e-002	3.325324e-001	2.900290e-001
1.020582802756165e-002	3.329778e-001	2.891727e-001
1.024968517041876e-002	3.523264e-001	2.512475e-001
1.029354231327587e-002	3.710525e-001	2.130834e-001
1.033739945613298e-002	3.891563e-001	1.746805e-001
1.038125659899009e-002	4.066377e-001	1.360388e-001
1.042511374184720e-002	4.234967e-001	9.715826e-002
1.046897088470431e-002	4.397333e-001	5.803887e-002
1.051282802756142e-002	4.553475e-001	1.868064e-002
1.053025659898998e-002	4.613248e-001	3.078458e-003
1.054768517041854e-002	4.671812e-001	-1.251500e-002
1.056511374184710e-002	4.729167e-001	-2.809973e-002
1.058254231327566e-002	4.785313e-001	-4.367574e-002
1.059997088470422e-002	4.840250e-001	-5.924302e-002
1.061739945613277e-002	4.893977e-001	-7.480158e-002
1.063482802756133e-002	4.946495e-001	-9.035142e-002
1.069439945613272e-002	5.117370e-001	-1.436457e-001
1.075397088470410e-002	5.271689e-001	-1.961656e-001
1.081354231327549e-002	5.409450e-001	-2.479111e-001
1.087311374184687e-002	5.530655e-001	-2.988821e-001
1.093268517041826e-002	5.635304e-001	-3.490788e-001
1.099225659898964e-002	5.723395e-001	-3.985011e-001
1.105182802756103e-002	5.794930e-001	-4.471490e-001
1.107711374184672e-002	5.819518e-001	-4.672938e-001
1.110239945613242e-002	5.840842e-001	-4.871744e-001
1.112768517041811e-002	5.858903e-001	-5.067909e-001
1.115297088470381e-002	5.873700e-001	-5.261431e-001
1.117825659898951e-002	5.885234e-001	-5.452311e-001
1.120354231327520e-002	5.893504e-001	-5.640549e-001
1.122882802756090e-002	5.898511e-001	-5.826144e-001
1.122982802756090e-002	5.898641e-001	-5.833414e-001
1.126897088470372e-002	5.899611e-001	-6.115038e-001
1.130811374184655e-002	5.892681e-001	-6.388354e-001
1.134725659898938e-002	5.877850e-001	-6.653362e-001
1.138639945613221e-002	5.855117e-001	-6.910063e-001
1.142554231327504e-002	5.824484e-001	-7.158457e-001
1.146468517041787e-002	5.785949e-001	-7.398543e-001
1.150382802756069e-002	5.739514e-001	-7.630321e-001
1.156197088470351e-002	5.655426e-001	-7.957914e-001
1.162011374184632e-002	5.555133e-001	-8.262105e-001
1.167825659898914e-002	5.438636e-001	-8.542895e-001
1.173639945613195e-002	5.305934e-001	-8.800282e-001
1.179454231327477e-002	5.157028e-001	-9.034268e-001
1.185268517041758e-002	4.991917e-001	-9.244852e-001
1.191082802756040e-002	4.810601e-001	-9.432034e-001
1.195968517041750e-002	4.646691e-001	-9.568627e-001
1.200854231327461e-002	4.473613e-001	-9.686481e-001
1.205739945613172e-002	4.291368e-001	-9.785596e-001
1.210625659898882e-002	4.099954e-001	-9.865972e-001
1.215511374184593e-002	3.899373e-001	-9.927610e-001
1.220397088470304e-002	3.689624e-001	-9.970508e-001
1.225282802756014e-002	3.470707e-001	-9.994668e-001
1.225382802756014e-002	3.466164e-001	-9.994957e-001
1.232182802756009e-002	3.146417e-001	-9.994912e-001
1.238982802756004e-002	2.816319e-001	-9.958614e-001
1.245782802755999e-002	2.475868e-001	-9.886062e-001
1.252582802755994e-002	2.125065e-001	-9.777256e-001
1.259382802755989e-002	1.763909e-001	-9.632196e-001
1.266182802755984e-002	1.392401e-001	-9.450883e-001
1.272982802755979e-002	1.010541e-001	-9.233316e-001
1.275639945613120e-002	8.609533e-002	-9.139270e-001
1.278297088470261e-002	7.108775e-002	-9.040208e-001
1.280954231327402e-002	5.603138e-002	-8.936128e-001
1.283611374184543e-002	4.092622e-002	-8.827032e-001
1.286268517041684e-002	2.577228e-002	-8.712919e-001
1.288925659898825e-002	1.056954e-002	-8.593788e-001
1.291582802755966e-002	-4.681993e-003	-8.469641e-001
1.295482802755963e-002	-2.713416e-002	-8.278351e-001
1.299382802755960e-002	-4.951872e-002	-8.077627e-001
1.303282802755957e-002	-7.183566e-002	-7.867469e-001
1.307182802755954e-002	-9.408499e-002	-7.647878e-001
1.311082802755951e-002	-1.162667e-001	-7.418852e-001
1.314982802755949e-002	-1.383808e-001	-7.180392e-001
1.318882802755946e-002	-1.604273e-001	-6.932499e-001
1.327782802755939e-002	-2.098881e-001	-6.337242e-001
1.335297088470219e-002	-2.511721e-001	-5.796526e-001
1.342811374184500e-002	-2.909094e-001	-5.236210e-001
1.350325659898780e-002	-3.290998e-001	-4.656294e-001
1.357839945613060e-002	-3.657435e-001	-4.056778e-001
1.365354231327340e-002	-4.008404e-001	-3.437662e-001
1.372868517041620e-002	-4.343905e-001	-2.798946e-001
1.380382802755900e-002	-4.663939e-001	-2.140630e-001
1.383825659898755e-002	-4.801766e-001	-1.838036e-001
1.387268517041610e-002	-4.934605e-001	-1.534422e-001
1.390711374184464e-002	-5.062456e-001	-1.229786e-001
1.394154231327319e-002	-5.185318e-001	-9.241302e-002
1.397597088470174e-002	-5.303193e-001	-6.174531e-002
1.401039945613028e-002	-5.416079e-001	-3.097550e-002
1.404482802755883e-002	-5.523977e-001	-1.036027e-004
1.407954231327309e-002	-5.627205e-001	3.102573e-002
1.411425659898735e-002	-5.724563e-001	6.205061e-002
1.414897088470161e-002	-5.816051e-001	9.297104e-002
1.418368517041587e-002	-5.901670e-001	1.237870e-001
1.421839945613013e-002	-5.981420e-001	1.544986e-001
1.425311374184439e-002	-6.055300e-001	1.851056e-001
1.428782802755865e-002	-6.123310e-001	2.156083e-001
1.430182802755864e-002	-6.148905e-001	2.278226e-001
1.435482802755860e-002	-6.236981e-001	2.739703e-001
1.440782802755856e-002	-6.309990e-001	3.192532e-001
1.446082802755852e-002	-6.367931e-001	3.636714e-001
1.451382802755848e-002	-6.410804e-001	4.072249e-001
1.456682802755844e-002	-6.438610e-001	4.499136e-001
1.461982802755841e-002	-6.451348e-001	4.917376e-001
1.467282802755837e-002	-6.449018e-001	5.326969e-001
1.472268517041547e-002	-6.432355e-001	5.700766e-001
1.477254231327258e-002	-6.402344e-001	6.061504e-001
1.482239945612968e-002	-6.358985e-001	6.409182e-001
1.487225659898679e-002	-6.302276e-001	6.743801e-001
1.492211374184390e-002	-6.232219e-001	7.065360e-001
1.497197088470100e-002	-6.148814e-001	7.373859e-001
1.502182802755811e-002	-6.052060e-001	7.669299e-001
1.506511374184379e-002	-5.957436e-001	7.912814e-001
1.510839945612947e-002	-5.853696e-001	8.143653e-001
1.515168517041516e-002	-5.740839e-001	8.361815e-001
1.519497088470084e-002	-5.618865e-001	8.567301e-001
1.523825659898652e-002	-5.487774e-001	8.760110e-001
1.528154231327220e-002	-5.347565e-001	8.940244e-001
1.532482802755789e-002	-5.198240e-001	9.107701e-001
1.532582802755789e-002	-5.194702e-001	9.111391e-001
1.540939945612932e-002	-4.877908e-001	9.395819e-001
1.549297088470076e-002	-4.536963e-001	9.625437e-001
1.557654231327220e-002	-4.171866e-001	9.800244e-001
1.566011374184364e-002	-3.782617e-001	9.920242e-001
1.574368517041508e-002	-3.369217e-001	9.985429e-001
1.582725659898652e-002	-2.931664e-001	9.995805e-001
1.591082802755795e-002	-2.469960e-001	9.951372e-001
1.596268517041515e-002	-2.177388e-001	9.894385e-001
1.601454231327234e-002	-1.881173e-001	9.816652e-001
1.606639945612954e-002	-1.581315e-001	9.718173e-001
1.611825659898673e-002	-1.277814e-001	9.598948e-001
1.617011374184392e-002	-9.706704e-002	9.458976e-001
1.622197088470112e-002	-6.598834e-002	9.298258e-001
1.627382802755831e-002	-3.454532e-002	9.116794e-001
1.628454231327261e-002	-2.806545e-002	9.076976e-001
1.629525659898691e-002	-2.158260e-002	9.036333e-001
1.630597088470120e-002	-1.509678e-002	8.994866e-001
1.631668517041550e-002	-8.607992e-003	8.952573e-001
1.632739945612980e-002	-2.116227e-003	8.909457e-001
1.633811374184409e-002	4.378511e-003	8.865515e-001
1.634882802755839e-002	1.087622e-002	8.820749e-001
1.634982802755839e-002	1.148258e-002	8.816530e-001
1.639297088470129e-002	3.774344e-002	8.627029e-001
1.643611374184419e-002	6.387324e-002	8.425478e-001
1.647925659898709e-002	8.987197e-002	8.211878e-001
1.652239945612999e-002	1.157396e-001	7.986228e-001
1.656554231327289e-002	1.414762e-001	7.748530e-001
1.660868517041579e-002	1.670818e-001	7.498782e-001
1.665182802755869e-002	1.925562e-001	7.236985e-001
1.672597088470162e-002	2.359673e-001	6.757623e-001
1.680011374184455e-002	2.779066e-001	6.254380e-001
1.687425659898749e-002	3.183742e-001	5.727255e-001
1.694839945613042e-002	3.573699e-001	5.176248e-001
1.702254231327335e-002	3.948940e-001	4.601358e-001
1.709668517041628e-002	4.309462e-001	4.002588e-001
1.717082802755921e-002	4.655267e-001	3.379935e-001
1.719968517041638e-002	4.782801e-001	3.135423e-001
1.722854231327356e-002	4.906890e-001	2.889235e-001
1.725739945613073e-002	5.027533e-001	2.641370e-001
1.728625659898790e-002	5.144731e-001	2.391829e-001
1.731511374184507e-002	5.258483e-001	2.140611e-001
1.734397088470224e-002	5.368790e-001	1.887717e-001
1.737282802755941e-002	5.475651e-001	1.633147e-001
1.737382802755941e-002	5.479280e-001	1.624319e-001
1.740054231327373e-002	5.574710e-001	1.387692e-001
1.742725659898804e-002	5.666751e-001	1.150612e-001
1.745397088470235e-002	5.755405e-001	9.130787e-002
1.748068517041666e-002	5.840671e-001	6.750919e-002
1.750739945613098e-002	5.922550e-001	4.366517e-002
1.753411374184529e-002	6.001040e-001	1.977580e-002
1.756082802755960e-002	6.076143e-001	-4.158898e-003
1.759854231327393e-002	6.176169e-001	-3.798919e-002
1.763625659898825e-002	6.268715e-001	-7.168080e-002
1.767397088470257e-002	6.353783e-001	-1.052337e-001
1.771168517041689e-002	6.431372e-001	-1.386480e-001
1.774939945613122e-002	6.501482e-001	-1.719235e-001
1.778711374184554e-002	6.564114e-001	-2.050604e-001
1.782482802755987e-002	6.619267e-001	-2.380586e-001
1.788639945613136e-002	6.692400e-001	-2.915588e-001
1.794797088470285e-002	6.744312e-001	-3.437896e-001
1.800954231327434e-002	6.775002e-001	-3.947509e-001
1.807111374184582e-002	6.784469e-001	-4.444429e-001
1.813268517041732e-002	6.772715e-001	-4.928655e-001
1.819425659898881e-002	6.739739e-001	-5.400187e-001
1.825582802756030e-002	6.685541e-001	-5.859025e-001
1.839782802756044e-002	6.480531e-001	-6.838630e-001
1.845497088470335e-002	6.366100e-001	-7.204610e-001
1.851211374184627e-002	6.235335e-001	-7.549668e-001
1.856925659898918e-002	6.088236e-001	-7.873805e-001
1.862639945613210e-002	5.924803e-001	-8.177020e-001
1.868354231327501e-002	5.745036e-001	-8.459314e-001
1.874068517041792e-002	5.548935e-001	-8.720687e-001
1.879782802756084e-002	5.336499e-001	-8.961138e-001
1.888325659898949e-002	4.987350e-001	-9.276379e-001
1.896868517041815e-002	4.613666e-001	-9.534665e-001
1.905411374184681e-002	4.215447e-001	-9.735994e-001
1.913954231327547e-002	3.792694e-001	-9.880367e-001
1.922497088470412e-002	3.345407e-001	-9.967784e-001
1.931039945613278e-002	2.873585e-001	-9.998245e-001
1.939582802756144e-002	2.377229e-001	-9.971750e-001
1.942182802756146e-002	2.225053e-001	-9.951580e-001
1.946897088470437e-002	1.944562e-001	-9.900862e-001
1.951611374184727e-002	1.661624e-001	-9.832923e-001
1.956325659899018e-002	1.376240e-001	-9.747765e-001
1.961039945613308e-002	1.088411e-001	-9.645388e-001
1.965754231327599e-002	7.981352e-002	-9.525790e-001
1.970468517041889e-002	5.054134e-002	-9.388973e-001
1.975182802756179e-002	2.102457e-002	-9.234936e-001
1.989982802756194e-002	-7.134800e-002	-8.647591e-001
1.996068517041914e-002	-1.093874e-001	-8.358898e-001
2.002154231327635e-002	-1.468425e-001	-8.047927e-001
2.008239945613355e-002	-1.837132e-001	-7.714680e-001
2.014325659899076e-002	-2.199996e-001	-7.359155e-001
2.020411374184796e-002	-2.557016e-001	-6.981353e-001
2.026497088470516e-002	-2.908193e-001	-6.581275e-001
2.032582802756237e-002	-3.253526e-001	-6.158919e-001
2.044582802756249e-002	-3.899772e-001	-5.279207e-001
2.051225659899112e-002	-4.241281e-001	-4.760532e-001
2.057868517041976e-002	-4.564914e-001	-4.229855e-001
2.064511374184840e-002	-4.870672e-001	-3.687177e-001
2.071154231327704e-002	-5.158553e-001	-3.132497e-001
2.077797088470568e-002	-5.428557e-001	-2.565817e-001
2.084439945613431e-002	-5.680686e-001	-1.987135e-001
2.091082802756295e-002	-5.914938e-001	-1.396451e-001
2.093425659899155e-002	-5.991701e-001	-1.188363e-001
2.095768517042014e-002	-6.065705e-001	-9.799812e-002
2.098111374184873e-002	-6.136949e-001	-7.713069e-002
2.100454231327733e-002	-6.205433e-001	-5.623397e-002
2.102797088470593e-002	-6.271158e-001	-3.530796e-002
2.105139945613452e-002	-6.334124e-001	-1.435266e-002
2.107482802756312e-002	-6.394330e-001	6.631923e-003
2.111382802756315e-002	-6.488294e-001	4.161977e-002
2.115282802756319e-002	-6.573960e-001	7.645149e-002
2.119182802756323e-002	-6.651331e-001	1.111271e-001
2.123082802756327e-002	-6.720405e-001	1.456465e-001
2.126982802756331e-002	-6.781183e-001	1.800099e-001
2.130882802756335e-002	-6.833664e-001	2.142171e-001
2.134782802756339e-002	-6.877849e-001	2.482682e-001
2.146982802756351e-002	-6.959972e-001	3.523197e-001
2.152197088470642e-002	-6.969103e-001	3.958047e-001
2.157411374184933e-002	-6.962842e-001	4.382047e-001
2.162625659899224e-002	-6.941190e-001	4.795197e-001
2.167839945613515e-002	-6.904146e-001	5.197497e-001
2.173054231327806e-002	-6.851711e-001	5.588946e-001
2.178268517042097e-002	-6.783885e-001	5.969545e-001
2.183482802756388e-002	-6.700667e-001	6.339294e-001
2.187539945613535e-002	-6.625424e-001	6.616634e-001
2.191597088470682e-002	-6.541542e-001	6.884411e-001
2.195654231327828e-002	-6.449021e-001	7.142626e-001
2.199711374184975e-002	-6.347860e-001	7.391278e-001
2.203768517042122e-002	-6.238060e-001	7.630367e-001
2.207825659899269e-002	-6.119620e-001	7.859894e-001
2.211882802756416e-002	-5.992542e-001	8.079858e-001
2.217225659899278e-002	-5.812074e-001	8.353451e-001
2.222568517042141e-002	-5.619163e-001	8.606650e-001
2.227911374185003e-002	-5.413809e-001	8.839454e-001
2.233254231327866e-002	-5.196011e-001	9.051865e-001
2.238597088470729e-002	-4.965770e-001	9.243881e-001
2.243939945613591e-002	-4.723086e-001	9.415503e-001
2.249282802756453e-002	-4.467958e-001	9.566731e-001
2.249382802756453e-002	-4.463105e-001	9.569333e-001
2.256868517042175e-002	-4.084878e-001	9.742845e-001
2.264354231327897e-002	-3.692410e-001	9.871814e-001
2.271839945613619e-002	-3.285701e-001	9.956239e-001
2.279325659899341e-002	-2.864750e-001	9.996121e-001
2.286811374185062e-002	-2.429558e-001	9.991459e-001
2.294297088470784e-002	-1.980124e-001	9.942253e-001
2.301782802756506e-002	-1.516449e-001	9.848503e-001
2.305239945613652e-002	-1.301494e-001	9.789967e-001
2.308697088470799e-002	-1.085745e-001	9.722252e-001
2.312154231327945e-002	-8.692024e-002	9.645358e-001
2.315611374185091e-002	-6.518665e-002	9.559287e-001
2.319068517042237e-002	-4.337372e-002	9.464038e-001
2.322525659899384e-002	-2.148143e-002	9.359610e-001
2.325982802756530e-002	4.902012e-004	9.246004e-001
2.329597088470820e-002	2.347050e-002	9.117607e-001
2.333211374185109e-002	4.637060e-002	8.980063e-001
2.336825659899398e-002	6.919050e-002	8.833374e-001
2.340439945613687e-002	9.193021e-002	8.677539e-001
2.344054231327977e-002	1.145897e-001	8.512557e-001
2.347668517042266e-002	1.371690e-001	8.338430e-001
2.351282802756555e-002	1.596681e-001	8.155157e-001
2.351782802756556e-002	1.627598e-001	8.129185e-001
2.359425659899421e-002	2.101035e-001	7.706373e-001
2.367068517042285e-002	2.559444e-001	7.253254e-001
2.374711374185150e-002	3.002826e-001	6.769826e-001
2.382354231328015e-002	3.431180e-001	6.256090e-001
2.389997088470880e-002	3.844507e-001	5.712046e-001
2.397639945613745e-002	4.242806e-001	5.137694e-001
2.405282802756609e-002	4.626077e-001	4.533034e-001
2.411297088470901e-002	4.910244e-001	4.043348e-001
2.417311374185193e-002	5.178211e-001	3.545627e-001
2.423325659899485e-002	5.429980e-001	3.039872e-001
2.429339945613776e-002	5.665550e-001	2.526083e-001
2.435354231328068e-002	5.884921e-001	2.004260e-001
2.441368517042360e-002	6.088094e-001	1.474402e-001
2.447382802756652e-002	6.275068e-001	9.365097e-002
2.454182802756658e-002	6.462362e-001	3.294111e-002
2.455982802756660e-002	6.507939e-001	1.683077e-002
2.457782802756662e-002	6.551777e-001	7.265085e-004
2.459582802756664e-002	6.593877e-001	-1.537168e-002
2.461382802756666e-002	6.634239e-001	-3.146380e-002
2.463182802756667e-002	6.672863e-001	-4.754985e-002
2.464982802756669e-002	6.709749e-001	-6.362982e-002
2.466782802756671e-002	6.744897e-001	-7.970373e-002
2.472182802756676e-002	6.839906e-001	-1.280276e-001
2.477582802756682e-002	6.918372e-001	-1.757781e-001
2.482982802756687e-002	6.980296e-001	-2.229551e-001
2.488382802756693e-002	7.025677e-001	-2.695587e-001
2.493782802756698e-002	7.054517e-001	-3.155887e-001
2.499182802756703e-002	7.066814e-001	-3.610454e-001
2.504582802756709e-002	7.062569e-001	-4.059286e-001
2.509239945613856e-002	7.045058e-001	-4.438008e-001
2.513897088471004e-002	7.015324e-001	-4.807470e-001
2.518554231328151e-002	6.973366e-001	-5.167672e-001
2.523211374185299e-002	6.919184e-001	-5.518613e-001
2.527868517042446e-002	6.852778e-001	-5.860294e-001
2.532525659899594e-002	6.774148e-001	-6.192714e-001
2.537182802756741e-002	6.683294e-001	-6.515874e-001
2.539939945613887e-002	6.623988e-001	-6.701270e-001
2.542697088471033e-002	6.560692e-001	-6.882319e-001
2.545454231328178e-002	6.493405e-001	-7.059024e-001
2.548211374185324e-002	6.422128e-001	-7.231383e-001
2.550968517042469e-002	6.346860e-001	-7.399396e-001
2.553725659899615e-002	6.267602e-001	-7.563064e-001
2.556482802756761e-002	6.184353e-001	-7.722386e-001
2.556582802756761e-002	6.181266e-001	-7.728068e-001
2.563982802756768e-002	5.935613e-001	-8.134397e-001
2.571382802756776e-002	5.666801e-001	-8.501566e-001
2.578782802756783e-002	5.374832e-001	-8.829573e-001
2.586182802756790e-002	5.059704e-001	-9.118420e-001
2.593582802756798e-002	4.721419e-001	-9.368107e-001
2.600982802756805e-002	4.359975e-001	-9.578632e-001
2.608382802756813e-002	3.975373e-001	-9.749997e-001
2.615268517042534e-002	3.601038e-001	-9.868521e-001
2.622154231328255e-002	3.216585e-001	-9.949259e-001
2.629039945613976e-002	2.822011e-001	-9.992209e-001
2.635925659899697e-002	2.417319e-001	-9.997374e-001
2.642811374185418e-002	2.002507e-001	-9.964751e-001
2.649697088471140e-002	1.577576e-001	-9.894342e-001
2.656582802756861e-002	1.142526e-001	-9.786146e-001
2.658982802756863e-002	9.911298e-002	-9.739723e-001
2.661354231328294e-002	8.408982e-002	-9.689371e-001
2.663725659899725e-002	6.904445e-002	-9.634725e-001
2.666097088471156e-002	5.397689e-002	-9.575784e-001
2.668468517042587e-002	3.888713e-002	-9.512548e-001
2.670839945614018e-002	2.377516e-002	-9.445018e-001
2.673211374185449e-002	8.640996e-003	-9.373193e-001
2.675582802756880e-002	-6.515368e-003	-9.297073e-001
2.679654231328313e-002	-3.258555e-002	-9.156204e-001
2.683725659899745e-002	-5.852832e-002	-9.003737e-001
2.687797088471178e-002	-8.434368e-002	-8.839673e-001
2.691868517042610e-002	-1.100316e-001	-8.664010e-001
2.695939945614043e-002	-1.355922e-001	-8.476750e-001
2.700011374185475e-002	-1.610253e-001	-8.277893e-001
2.704082802756908e-002	-1.863310e-001	-8.067437e-001
2.712068517042630e-002	-2.356283e-001	-7.618189e-001
2.720054231328353e-002	-2.831329e-001	-7.136695e-001
2.728039945614075e-002	-3.288449e-001	-6.622956e-001
2.736025659899797e-002	-3.727642e-001	-6.076970e-001
2.744011374185519e-002	-4.148909e-001	-5.498738e-001
2.751997088471242e-002	-4.552250e-001	-4.888261e-001
2.759982802756964e-002	-4.937664e-001	-4.245537e-001
2.761382802756966e-002	-5.001686e-001	-4.131795e-001
2.767025659899828e-002	-5.252989e-001	-3.663863e-001
2.772668517042691e-002	-5.489381e-001	-3.189662e-001
2.778311374185554e-002	-5.710860e-001	-2.709192e-001
2.783954231328417e-002	-5.917427e-001	-2.222454e-001
2.789597088471280e-002	-6.109081e-001	-1.729447e-001
2.795239945614142e-002	-6.285823e-001	-1.230170e-001
2.800882802757005e-002	-6.447653e-001	-7.246254e-002
2.803482802757008e-002	-6.516145e-001	-4.921186e-002
2.806082802757010e-002	-6.580995e-001	-2.596599e-002
2.808682802757013e-002	-6.642203e-001	-2.724928e-003
2.811282802757015e-002	-6.699770e-001	2.051132e-002
2.813882802757018e-002	-6.753694e-001	4.374277e-002
2.816482802757021e-002	-6.803976e-001	6.696940e-002
2.819082802757023e-002	-6.850617e-001	9.019122e-002
2.824297088471314e-002	-6.932935e-001	1.367862e-001
2.829511374185605e-002	-6.999754e-001	1.828365e-001
2.834725659899896e-002	-7.051074e-001	2.283422e-001
2.839939945614187e-002	-7.086895e-001	2.733031e-001
2.845154231328478e-002	-7.107216e-001	3.177193e-001
2.850368517042769e-002	-7.112038e-001	3.615908e-001
2.855582802757060e-002	-7.101361e-001	4.049177e-001
2.863782802757068e-002	-7.052773e-001	4.708520e-001
2.867639945614215e-002	-7.016470e-001	5.010964e-001
2.871497088471361e-002	-6.971893e-001	5.306586e-001
2.875354231328508e-002	-6.919040e-001	5.595383e-001
2.879211374185655e-002	-6.857913e-001	5.877357e-001
2.883068517042801e-002	-6.788511e-001	6.152508e-001
2.886925659899948e-002	-6.710833e-001	6.420835e-001
2.890782802757095e-002	-6.624882e-001	6.682338e-001
2.896111374185672e-002	-6.492360e-001	7.031026e-001
2.901439945614249e-002	-6.345871e-001	7.361975e-001
2.906768517042825e-002	-6.185415e-001	7.675184e-001
2.912097088471402e-002	-6.010992e-001	7.970653e-001
2.917425659899979e-002	-5.822602e-001	8.248383e-001
2.922754231328556e-002	-5.620246e-001	8.508374e-001
2.928082802757132e-002	-5.403922e-001	8.750625e-001
2.933511374185709e-002	-5.170285e-001	8.976299e-001
2.938939945614286e-002	-4.925859e-001	9.179757e-001
2.944368517042863e-002	-4.670643e-001	9.360999e-001
2.949797088471440e-002	-4.404638e-001	9.520023e-001
2.955225659900016e-002	-4.127843e-001	9.656831e-001
2.960654231328594e-002	-3.840259e-001	9.771422e-001
2.966082802757170e-002	-3.541886e-001	9.863796e-001
2.966182802757170e-002	-3.536338e-001	9.865264e-001
2.972554231328605e-002	-3.174013e-001	9.942408e-001
2.978925659900040e-002	-2.804361e-001	9.987198e-001
2.985297088471475e-002	-2.427383e-001	9.999633e-001
2.991668517042910e-002	-2.043078e-001	9.979714e-001
2.998039945614345e-002	-1.651447e-001	9.927439e-001
3.004411374185780e-002	-1.252488e-001	9.842810e-001
3.010782802757215e-002	-8.462034e-002	9.725826e-001
3.012897088471503e-002	-7.116347e-002	9.680047e-001
3.015011374185790e-002	-5.769280e-002	9.630851e-001
3.017125659900078e-002	-4.420833e-002	9.578239e-001
3.019239945614366e-002	-3.071006e-002	9.522211e-001
3.021354231328654e-002	-1.719799e-002	9.462766e-001
3.023468517042942e-002	-3.672113e-003	9.399905e-001
3.025582802757230e-002	9.867560e-003	9.333628e-001
3.029854231328663e-002	3.728134e-002	9.189022e-001
3.034125659900095e-002	6.454174e-002	9.031625e-001
3.038397088471528e-002	9.164878e-002	8.861440e-001
3.042668517042961e-002	1.186024e-001	8.678464e-001
3.046939945614394e-002	1.454027e-001	8.482699e-001
3.051211374185827e-002	1.720497e-001	8.274144e-001
3.055482802757260e-002	1.985432e-001	8.052799e-001
3.068582802757273e-002	2.775121e-001	7.304211e-001
3.076068517042994e-002	3.214305e-001	6.824615e-001
3.083554231328716e-002	3.634507e-001	6.320394e-001
3.091039945614438e-002	4.035725e-001	5.791550e-001
3.098525659900160e-002	4.417959e-001	5.238083e-001
3.106011374185881e-002	4.781211e-001	4.659991e-001
3.113497088471603e-002	5.125479e-001	4.057276e-001
3.120982802757325e-002	5.450764e-001	3.429938e-001
3.125954231328759e-002	5.651317e-001	3.006713e-001
3.130925659900193e-002	5.839755e-001	2.579675e-001
3.135897088471626e-002	6.016078e-001	2.148823e-001
3.140868517043059e-002	6.180285e-001	1.714158e-001
3.145839945614493e-002	6.332376e-001	1.275679e-001
3.150811374185927e-002	6.472353e-001	8.333860e-002
3.155782802757360e-002	6.600214e-001	3.872797e-002
3.157668517043076e-002	6.645017e-001	2.185194e-002
3.159554231328792e-002	6.687888e-001	4.981692e-003
3.161439945614508e-002	6.728826e-001	-1.188277e-002
3.163325659900225e-002	6.767832e-001	-2.874146e-002
3.165211374185941e-002	6.804906e-001	-4.559436e-002
3.167097088471657e-002	6.840047e-001	-6.244149e-002
3.168982802757373e-002	6.873256e-001	-7.928283e-002
3.170982802757375e-002	6.906297e-001	-9.710737e-002
3.176168517043095e-002	6.981776e-001	-1.434071e-001
3.181354231328814e-002	7.041909e-001	-1.891555e-001
3.186539945614533e-002	7.086694e-001	-2.343526e-001
3.191725659900253e-002	7.116132e-001	-2.789984e-001
3.196911374185973e-002	7.130223e-001	-3.230929e-001
3.202097088471692e-002	7.128967e-001	-3.666360e-001
3.207282802757411e-002	7.112364e-001	-4.096278e-001
3.211911374185988e-002	7.084172e-001	-4.471962e-001
3.216539945614563e-002	7.043993e-001	-4.838454e-001
3.221168517043140e-002	6.991829e-001	-5.195752e-001
3.225797088471716e-002	6.927678e-001	-5.543858e-001
3.230425659900292e-002	6.851541e-001	-5.882770e-001
3.235054231328868e-002	6.763418e-001	-6.212490e-001
3.239682802757444e-002	6.663308e-001	-6.533016e-001
3.244482802757449e-002	6.546988e-001	-6.853357e-001
3.249282802757453e-002	6.419180e-001	-7.159723e-001
3.254082802757458e-002	6.279884e-001	-7.452115e-001
3.258882802757463e-002	6.129100e-001	-7.730531e-001
3.263682802757468e-002	5.966829e-001	-7.994973e-001
3.268482802757473e-002	5.793069e-001	-8.245440e-001
3.273282802757477e-002	5.607822e-001	-8.481932e-001
3.273382802757478e-002	5.603866e-001	-8.486668e-001
3.282039945614629e-002	5.238103e-001	-8.874157e-001
3.290697088471781e-002	4.847101e-001	-9.204492e-001
3.299354231328932e-002	4.430859e-001	-9.477672e-001
3.308011374186084e-002	3.989379e-001	-9.693699e-001
3.316668517043235e-002	3.522659e-001	-9.852572e-001
3.325325659900387e-002	3.030699e-001	-9.954290e-001
3.333982802757538e-002	2.513501e-001	-9.998855e-001
3.339039945614686e-002	2.206560e-001	-9.995183e-001
3.344097088471834e-002	1.896692e-001	-9.971295e-001
3.349154231328982e-002	1.583895e-001	-9.927192e-001
3.354211374186130e-002	1.268172e-001	-9.862873e-001
3.359268517043278e-002	9.495201e-002	-9.778339e-001
3.364325659900426e-002	6.279410e-002	-9.673590e-001
3.369382802757574e-002	3.034341e-002	-9.548625e-001
3.375782802757580e-002	-1.059808e-002	-9.362970e-001
3.380097088471870e-002	-3.828780e-002	-9.219800e-001
3.384411374186160e-002	-6.581776e-002	-9.063533e-001
3.388725659900450e-002	-9.318798e-002	-8.894170e-001
3.393039945614740e-002	-1.203984e-001	-8.711711e-001
3.397354231329030e-002	-1.474492e-001	-8.516155e-001
3.401668517043320e-002	-1.743401e-001	-8.307503e-001
3.405982802757610e-002	-2.010714e-001	-8.085754e-001
3.414025659900476e-002	-2.504636e-001	-7.634816e-001
3.422068517043340e-002	-2.979646e-001	-7.151120e-001
3.430111374186206e-002	-3.435743e-001	-6.634664e-001
3.438154231329071e-002	-3.872927e-001	-6.085451e-001
3.446197088471936e-002	-4.291197e-001	-5.503479e-001
3.454239945614801e-002	-4.690555e-001	-4.888748e-001
3.462282802757667e-002	-5.071000e-001	-4.241258e-001
3.478082802757682e-002	-5.728884e-001	-2.922988e-001
3.478182802757682e-002	-5.732695e-001	-2.914430e-001
3.482597088471973e-002	-5.896828e-001	-2.532929e-001
3.487011374186263e-002	-6.051165e-001	-2.148986e-001
3.491425659900553e-002	-6.195706e-001	-1.762601e-001
3.495839945614843e-002	-6.330449e-001	-1.373773e-001
3.500254231329133e-002	-6.455397e-001	-9.825030e-002
3.504668517043423e-002	-6.570547e-001	-5.887907e-002
3.509082802757713e-002	-6.675901e-001	-1.926361e-002
3.510868517043429e-002	-6.715374e-001	-3.277366e-003
3.512654231329145e-002	-6.753103e-001	1.269953e-002
3.514439945614861e-002	-6.789087e-001	2.866707e-002
3.516225659900578e-002	-6.823327e-001	4.462526e-002
3.518011374186294e-002	-6.855823e-001	6.057410e-002
3.519797088472010e-002	-6.886574e-001	7.651359e-002
3.521582802757726e-002	-6.915581e-001	9.244372e-002
3.526797088472017e-002	-6.990240e-001	1.390265e-001
3.532011374186308e-002	-7.049402e-001	1.850599e-001
3.537225659900599e-002	-7.093069e-001	2.305437e-001
3.542439945614889e-002	-7.121240e-001	2.754782e-001
3.547654231329180e-002	-7.133914e-001	3.198632e-001
3.552868517043471e-002	-7.131092e-001	3.636987e-001
3.558082802757762e-002	-7.112775e-001	4.069848e-001
3.561282802757766e-002	-7.093695e-001	4.330185e-001
3.564482802757769e-002	-7.068843e-001	4.586457e-001
3.567682802757772e-002	-7.038220e-001	4.838664e-001
3.570882802757775e-002	-7.001825e-001	5.086806e-001
3.574082802757778e-002	-6.959659e-001	5.330884e-001
3.577282802757782e-002	-6.911721e-001	5.570897e-001
3.580482802757785e-002	-6.858012e-001	5.806845e-001
3.580582802757785e-002	-6.856245e-001	5.814127e-001
3.584525659900646e-002	-6.781898e-001	6.098292e-001
3.588468517043507e-002	-6.699370e-001	6.374040e-001
3.592411374186368e-002	-6.608660e-001	6.641374e-001
3.596354231329229e-002	-6.509769e-001	6.900291e-001
3.600297088472090e-002	-6.402696e-001	7.150794e-001
3.604239945614951e-002	-6.287440e-001	7.392880e-001
3.608182802757812e-002	-6.164004e-001	7.626551e-001
3.615411374186391e-002	-5.915208e-001	8.031909e-001
3.622639945614969e-002	-5.644705e-001	8.400288e-001
3.629868517043548e-002	-5.352494e-001	8.731688e-001
3.637097088472127e-002	-5.038574e-001	9.026109e-001
3.644325659900706e-002	-4.702947e-001	9.283551e-001
3.651554231329284e-002	-4.345612e-001	9.504013e-001
3.658782802757863e-002	-3.966570e-001	9.687497e-001
3.662225659900724e-002	-3.781256e-001	9.759409e-001
3.665668517043584e-002	-3.592802e-001	9.821940e-001
3.669111374186445e-002	-3.401207e-001	9.875089e-001
3.672554231329305e-002	-3.206472e-001	9.918856e-001
3.675997088472166e-002	-3.008597e-001	9.953241e-001
3.679439945615026e-002	-2.807582e-001	9.978245e-001
3.682882802757887e-002	-2.603426e-001	9.993866e-001
3.682982802757887e-002	-2.597472e-001	9.994175e-001
3.688168517043607e-002	-2.284219e-001	9.998981e-001
3.693354231329326e-002	-1.967768e-001	9.982489e-001
3.698539945615045e-002	-1.648119e-001	9.944700e-001
3.703725659900765e-002	-1.325271e-001	9.885614e-001
3.708911374186485e-002	-9.992248e-002	9.805231e-001
3.714097088472204e-002	-6.699806e-002	9.703550e-001
3.719282802757924e-002	-3.375380e-002	9.580572e-001
3.721439945615068e-002	-1.995966e-002	9.523419e-001
3.723597088472214e-002	-6.171042e-003	9.462779e-001
3.725754231329358e-002	7.612068e-003	9.398651e-001
3.727911374186504e-002	2.138967e-002	9.331036e-001
3.730068517043648e-002	3.516175e-002	9.259934e-001
3.732225659900794e-002	4.892832e-002	9.185345e-001
3.734382802757939e-002	6.268939e-002	9.107269e-001
3.740325659900802e-002	1.006883e-001	8.872815e-001
3.746268517043665e-002	1.381402e-001	8.615294e-001
3.752211374186528e-002	1.750451e-001	8.334706e-001
3.758154231329391e-002	2.114029e-001	8.031049e-001
3.764097088472254e-002	2.472138e-001	7.704326e-001
3.770039945615117e-002	2.824777e-001	7.354535e-001
3.775982802757980e-002	3.171945e-001	6.981676e-001
3.785382802757990e-002	3.698261e-001	6.355577e-001
3.792911374186569e-002	4.105030e-001	5.814761e-001
3.800439945615147e-002	4.489061e-001	5.254192e-001
3.807968517043726e-002	4.850353e-001	4.673871e-001
3.815497088472306e-002	5.188907e-001	4.073797e-001
3.823025659900885e-002	5.504722e-001	3.453972e-001
3.830554231329463e-002	5.797800e-001	2.814393e-001
3.838082802758042e-002	6.068138e-001	2.155063e-001
3.841539945615188e-002	6.181612e-001	1.851295e-001
3.844997088472335e-002	6.288916e-001	1.546488e-001
3.848454231329481e-002	6.390050e-001	1.240643e-001
3.851911374186628e-002	6.485014e-001	9.337574e-002
3.855368517043774e-002	6.573808e-001	6.258330e-002
3.858825659900921e-002	6.656432e-001	3.168695e-002
3.862282802758067e-002	6.732886e-001	6.866822e-004
3.865697088472356e-002	6.801959e-001	-2.992828e-002
3.869111374186645e-002	6.864539e-001	-6.044440e-002
3.872525659900934e-002	6.920629e-001	-9.086167e-002
3.875939945615223e-002	6.970226e-001	-1.211801e-001
3.879354231329512e-002	7.013332e-001	-1.513997e-001
3.882768517043801e-002	7.049947e-001	-1.815204e-001
3.886182802758090e-002	7.080070e-001	-2.115423e-001
3.887782802758092e-002	7.091858e-001	-2.255118e-001
3.893282802758098e-002	7.121163e-001	-2.734381e-001
3.898782802758103e-002	7.133239e-001	-3.204248e-001
3.904282802758109e-002	7.128085e-001	-3.664717e-001
3.909782802758114e-002	7.105701e-001	-4.115789e-001
3.915282802758120e-002	7.066088e-001	-4.557464e-001
3.920782802758125e-002	7.009245e-001	-4.989743e-001
3.926282802758131e-002	6.935172e-001	-5.412624e-001
3.931125659900993e-002	6.855650e-001	-5.773321e-001
3.935968517043854e-002	6.763734e-001	-6.121616e-001
3.940811374186717e-002	6.659424e-001	-6.457506e-001
3.945654231329578e-002	6.542721e-001	-6.780994e-001
3.950497088472441e-002	6.413625e-001	-7.092078e-001
3.955339945615302e-002	6.272135e-001	-7.390758e-001
3.960182802758164e-002	6.118251e-001	-7.677035e-001
3.964454231329597e-002	5.972865e-001	-7.917033e-001
3.968725659901030e-002	5.819339e-001	-8.144690e-001
3.972997088472463e-002	5.657672e-001	-8.360008e-001
3.977268517043896e-002	5.487866e-001	-8.562985e-001
3.981539945615328e-002	5.309918e-001	-8.753623e-001
3.985811374186762e-002	5.123831e-001	-8.931921e-001
3.990082802758194e-002	4.929603e-001	-9.097878e-001
3.990182802758194e-002	4.924983e-001	-9.101589e-001
3.999982802758204e-002	4.453690e-001	-9.429393e-001
4.000000000000000e-002	4.452832e-001	-9.429905e-001
